2535
1
2
3
4
5
6
7
8
9
10
11
12
13
14
15
16
17
18
19
20
21
22
23
24
25
26
27
28
29
30
31
32
33
35
36
37
38
39
40
41
42
43
44
45
46
47
48
49
50
51
52
53
54
55
56
57
58
59
60
63
64
65
66
67
68
69
70
71
1
2
3
4
5
6
7
8
9
10
11
12
13
14
15
16
17
18
19
20
21
22
23
24
25
26
27
28
29
30
31
32
33
35
36
37
38
39
40
41
42
43
44
45
46
47
48
49
50
51
52
53
54
55
56
57
58
59
60
63
64
65
66
67
68
69
70
71
72
73
74
75
76
77
80
81
82
83
84
85
86
87
88
89
90
91
92
93
94
95
96
97
98
99
100
103
104
105
108
109
110
111
112
113
114
115
116
117
118
119
120
121
122
125
126
127
131
132
133
134
135
136
137
138
139
140
141
142
143
144
145
146
147
150
151
152
156
157
158
160
161
162
163
164
165
166
167
168
169
170
171
172
173
174
175
176
177
181
182
183
184
188
189
190
191
192
193
194
195
196
197
198
199
200
201
202
203
204
205
206
208
209
210
211
212
216
217
218
222
223
224
225
226
227
228
229
230
231
232
233
234
235
236
237
238
239
243
244
245
250
251
252
253
257
258
259
260
261
262
263
264
265
266
267
268
269
270
271
272
273
274
275
276
278
279
280
281
286
287
288
292
293
294
295
299
300
301
302
303
304
305
306
307
308
309
310
311
312
313
314
315
316
317
318
319
320
321
322
323
324
325
326
327
328
329
330
331
332
333
334
335
336
337
342
343
344
349
350
351
352
355
356
357
358
359
360
361
362
363
364
365
366
367
368
369
370
371
372
373
376
377
378
379
380
385
386
387
388
393
394
395
400
401
402
403
406
407
408
409
410
411
412
413
414
415
416
417
418
419
420
421
422
423
424
425
426
427
428
429
430
431
432
433
434
435
436
437
438
439
440
441
442
443
444
445
446
447
448
449
450
451
452
453
454
455
456
457
458
459
460
461
462
463
464
465
466
467
468
469
470
471
472
473
474
475
476
477
478
479
480
481
482
483
484
485
486
487
488
489
490
491
492
493
494
495
496
497
498
499
500
501
502
503
504
505
506
507
508
509
510
511
512
513
514
515
516
517
518
519
520
521
522
523
524
525
526
527
528
529
530
531
532
533
534
535
536
537
538
539
540
541
542
543
544
545
546
547
548
549
550
551
552
553
554
555
556
557
558
559
560
561
562
563
564
565
566
567
568
569
570
571
572
573
574
575
576
577
578
579
580
581
582
583
587
588
589
590
591
597
598
599
604
605
606
607
610
611
612
613
614
617
618
619
620
623
624
625
626
629
630
631
632
638
639
640
641
647
648
649
655
656
657
663
664
665
669
670
671
672
673
674
675
676
677
678
679
680
681
682
683
684
685
686
687
688
689
690
691
692
696
697
698
699
700
701
702
703
713
714
715
716
717
718
729
730
731
732
733
734
735
736
749
750
751
752
753
754
767
768
769
770
771
772
773
774
775
776
777
791
792
793
794
795
796
797
798
799
800
812
813
814
815
816
817
818
819
820
821
822
823
833
834
835
836
837
838
839
840
841
842
843
844
852
853
854
855
856
857
858
859
860
861
862
863
869
870
871
872
873
874
875
876
877
878
879
883
884
885
886
887
888
889
890
891
892
893
894
895
896
897
898
899
900
901
902
903
904
905
906
907
908
909
910
911
912
913
914
915
916
917
918
919
920
921
922
923
924
925
926
927
928
929
930
931
932
933
934
1
2
3
4
5
6
7
8
9
10
11
12
13
14
15
16
17
18
19
20
21
22
23
24
25
26
27
28
29
30
31
32
33
35
36
37
38
39
40
41
42
43
44
45
46
47
48
49
50
51
52
53
54
55
56
57
58
59
60
63
64
65
66
67
68
69
70
71
72
73
74
75
76
77
80
81
82
83
84
85
86
87
88
89
90
91
92
93
94
95
96
97
98
99
100
103
104
105
108
109
110
111
112
113
114
115
116
117
118
119
120
121
122
125
126
127
131
132
133
134
135
136
137
138
139
140
141
142
143
144
145
146
147
150
151
152
156
157
158
160
161
162
163
164
165
166
167
168
169
170
171
172
173
174
175
176
177
181
182
183
184
188
189
190
191
192
193
194
195
196
197
198
199
200
201
202
203
204
205
206
208
209
210
211
212
216
217
218
222
223
224
225
226
227
228
229
230
231
232
233
234
235
236
237
238
239
243
244
245
250
251
252
253
257
258
259
260
261
262
263
264
265
266
267
268
269
270
271
272
273
274
275
276
278
279
280
281
286
287
288
292
293
294
295
299
300
301
302
303
304
305
306
307
308
309
310
311
312
313
314
315
316
317
318
319
320
321
322
323
324
325
326
327
328
329
330
331
332
333
334
335
336
337
342
343
344
349
350
351
352
355
356
357
358
359
360
361
362
363
364
365
366
367
368
369
370
371
372
373
376
377
378
379
380
385
386
387
388
393
394
395
400
401
402
403
406
407
408
409
410
411
412
413
414
415
416
417
418
419
420
421
422
423
424
425
426
427
428
429
430
431
432
433
434
435
436
437
438
439
440
441
442
443
444
445
446
447
448
449
450
451
452
453
454
455
456
457
458
459
460
461
462
463
464
465
466
467
468
469
470
471
472
473
474
475
476
477
478
479
480
481
482
483
484
485
486
487
488
489
490
491
492
493
494
495
496
497
498
499
500
501
502
503
504
505
506
507
508
509
510
511
512
513
514
515
516
517
518
519
520
521
522
523
524
525
526
527
528
529
530
531
532
533
534
535
536
537
538
539
540
541
542
543
544
545
546
547
548
549
550
551
552
553
554
555
556
557
558
559
560
561
562
563
564
565
566
567
568
569
570
571
572
573
574
575
576
577
578
579
580
581
582
583
587
588
589
590
591
597
598
599
604
605
606
607
610
611
612
613
614
617
618
619
620
623
624
625
626
629
630
631
632
638
639
640
641
647
648
649
655
656
657
663
664
665
669
670
671
672
673
674
675
676
677
678
679
680
681
682
683
684
685
686
687
688
689
690
691
692
696
697
698
699
700
701
702
703
713
714
715
716
717
718
729
730
731
732
733
734
735
736
749
750
751
752
753
754
767
768
769
770
771
772
773
774
775
776
777
791
792
793
794
795
796
797
798
799
800
812
813
814
815
816
817
818
819
820
821
822
823
833
834
835
836
837
838
839
840
841
842
843
844
852
853
854
855
856
857
858
859
860
861
862
863
869
870
871
872
873
874
875
876
877
878
879
883
884
885
886
887
888
889
890
891
892
893
894
895
896
897
898
899
900
901
902
903
904
905
906
907
908
909
910
911
912
913
914
915
916
917
918
919
920
921
922
923
924
925
926
927
928
929
930
931
932
933
934
935
936
937
938
939
940
941
942
943
944
945
946
947
948
949
950
951
952
953
954
955
956
957
959
960
961
962
963
964
965
970
971
972
973
979
980
981
986
987
988
989
994
995
996
997
1002
1003
1004
1005
1010
1011
1012
1013
1019
1020
1021
1028
1029
1030
1037
1038
1039
1040
1046
1047
1048
1049
1054
1055
1056
1057
1060
1061
1062
1063
1064
1065
1066
1067
1068
1069
1070
1071
1072
1073
1074
1075
1076
1077
1078
1079
1080
1081
1082
1083
1084
1085
1086
1087
1095
1096
1097
1098
1099
1100
1111
1112
1113
1114
1115
1129
1130
1131
1132
1133
1134
1135
1151
1152
1153
1154
1155
1156
1157
1174
1175
1176
1177
1178
1179
1180
1181
1198
1199
1201
1202
1203
1204
1205
1206
1207
1227
1228
1229
1230
1231
1232
1233
1251
1252
1253
1254
1255
1256
1257
1258
1259
1274
1275
1276
1277
1278
1279
1280
1281
1282
1283
1296
1297
1298
1299
1300
1301
1302
1303
1304
1305
1316
1317
1318
1319
1320
1321
1322
1323
1324
1325
1326
1327
1336
1337
1338
1339
1340
1341
1342
1343
1344
1345
1346
1347
1354
1355
1356
1357
1358
1359
1360
1361
1362
1363
1364
1365
1370
1371
1372
1373
1374
1375
1376
1377
1378
1379
1380
1381
1385
1386
1387
1388
1389
1390
1391
1392
1393
1394
1395
1396
1397
1399
1400
1401
1402
1403
1404
1405
1406
1407
1408
1409
1410
1411
1412
1413
1414
1415
1416
1417
1418
1419
1420
1421
1422
1423
1424
1425
1426
1427
1428
1429
1430
1431
1432
1433
1434
1435
1436
1437
1438
1439
1440
1441
1442
1443
1444
1445
1446
1447
1448
1449
1450
1451
1452
1453
1454
1455
1456
1457
1460
1461
1462
1463
1464
1465
1466
1467
1468
1469
1470
1471
1472
1473
1474
1475
1476
1477
1478
1480
1481
1482
1483
1484
1488
1489
1490
1491
1492
1498
1499
1500
1507
1508
1515
1516
1523
1524
1525
1526
1532
1533
1534
1535
1542
1543
1550
1551
1552
1560
1561
1568
1569
1570
1571
1577
1578
1579
1580
1585
1586
1587
1590
1591
1592
1593
1594
1595
1596
1597
1598
1599
1600
1601
1602
1603
1604
1605
1606
1607
1608
1609
1610
1611
1612
1621
1622
1623
1624
1625
1637
1638
1639
1640
1655
1656
1657
1658
1659
1660
1677
1678
1679
1680
1681
1682
1683
1701
1702
1703
1704
1705
1706
1707
1708
1709
1730
1731
1732
1733
1734
1758
1759
1760
1761
1762
1763
1785
1786
1787
1788
1789
1790
1812
1813
1814
1815
1816
1817
1837
1838
1839
1840
1841
1842
1843
1862
1863
1864
1865
1866
1867
1868
1885
1886
1887
1888
1889
1890
1906
1907
1908
1909
1910
1911
1912
1926
1927
1928
1929
1930
1931
1932
1945
1946
1947
1948
1949
1950
1961
1962
1963
1964
1965
1966
1967
1968
1978
1979
1980
1981
1982
1983
1984
1985
1986
1994
1995
1996
1997
1998
1999
2000
2001
2002
2009
2010
2011
2012
2013
2014
2015
2016
2017
2018
2019
2020
2021
2022
2023
2024
2025
2026
2027
2028
2029
2030
2031
2032
2033
2034
2035
2036
2037
2038
2039
2040
2041
2042
2043
2044
2045
2046
2047
2048
2049
2050
2051
2052
2053
2054
2055
2056
2059
2060
2061
2064
2065
2066
2067
2069
2070
2071
2072
2074
2075
2076
2079
2080
2081
2082
2086
2087
2088
2089
2090
2095
2096
2097
2098
2099
2106
2107
2114
2115
2116
2123
2124
2125
2133
2134
2135
2142
2143
2144
2145
2152
2153
2154
2162
2163
2171
2172
2179
2180
2181
2182
2187
2188
2189
2190
2194
2195
2196
2197
2198
2199
2200
2201
2202
2203
2204
2205
2206
2207
2208
2209
2210
2211
2212
2213
2214
2215
2216
2217
2218
2219
2220
2228
2229
2230
2231
2232
2244
2245
2246
2247
2248
2262
2263
2264
2265
2266
2267
2284
2285
2286
2287
2288
2289
2310
2311
2312
2313
2314
2315
2338
2339
2340
2341
2342
2365
2366
2367
2368
2369
2370
2394
2395
2396
2397
2421
2422
2423
2424
2425
2448
2449
2450
2451
2452
2453
2475
2476
2477
2478
2479
2480
2481
2482
2502
2503
2504
2505
2506
2507
2508
2509
2528
2529
2530
2531
2532
2533
2534
2552
2553
2554
2555
2556
2572
2573
2574
2575
2576
2591
2592
2593
2594
2595
2596
2611
2612
2613
2614
2615
2616
2617
2626
2627
2628
2629
2630
2631
2632
2633
2634
2635
2636
2645
2646
2647
2648
2649
2650
2651
2652
2653
2654
2655
2656
2663
2664
2665
2666
2667
2668
2669
2670
2671
2672
2673
2674
2678
2679
2680
2681
2682
2683
2687
2688
2689
2690
2691
2694
2695
2696
2697
2698
2699
2700
2701
2702
2703
2704
2705
2706
2707
2708
2709
2710
2712
2713
2714
2718
2719
2720
2721
2724
2725
2726
2727
2730
2731
2732
2736
2737
2738
2743
2744
2745
2751
2752
2753
2754
2755
2761
2762
2763
2764
2771
2772
2773
2781
2782
2790
2791
2799
2800
2801
2802
2810
2811
2812
2820
2821
2822
2830
2831
2832
2839
2840
2841
2848
2849
2850
2856
2857
2858
2859
2862
2863
2864
2865
2866
2867
2868
2869
2870
2871
2872
2873
2874
2875
2876
2877
2878
2879
2880
2881
2882
2883
2889
2890
2891
2892
2893
2894
2905
2906
2907
2908
2922
2923
2924
2925
2926
2943
2944
2945
2946
2947
2948
2949
2969
2970
2971
2972
2973
2974
2997
2998
2999
3000
3001
3025
3026
3027
3028
3052
3053
3054
3055
3079
3080
3081
3082
3083
3108
3109
3110
3111
3112
3137
3138
3139
3140
3141
3142
3167
3168
3169
3170
3171
3172
3173
3193
3194
3195
3196
3197
3198
3199
3200
3201
3202
3221
3222
3223
3224
3225
3226
3227
3228
3229
3246
3247
3248
3249
3266
3267
3268
3269
3270
3271
3287
3288
3289
3290
3291
3292
3308
3309
3310
3311
3312
3320
3321
3322
3323
3328
3329
3330
3331
3332
3333
3340
3341
3342
3343
3344
3345
3346
3347
3348
3349
3350
3351
3352
3353
3359
3360
3361
3362
3363
3364
3365
3366
3367
3368
3372
3373
3374
3375
3376
3379
3380
3381
3382
3383
3384
3385
3386
3387
3388
3389
